-2 8.88178e-16
-1.96 0.0772755
-1.92 0.142437
-1.88 0.184831
-1.84 0.195016
-1.8 0.164341
-1.76 0.0845462
-1.72 0.0304711
-1.68 0.0857837
-1.64 0.0989167
-1.6 0.084475
-1.56 0.0559275
-1.52 0.0254271
-1.48 0.00367645
-1.44 0.0474938
-1.4 0.0994399
-1.36 0.12659
-1.32 0.128511
-1.28 0.106241
-1.24 0.062187
-1.2 8.32667e-17
-1.16 0.0478807
-1.12 0.0802616
-1.08 0.0957924
-1.04 0.0937062
-1 0.0736462
-0.96 0.035497
-0.92 0.0116886
-0.88 0.0359287
-0.84 0.0464922
-0.8 0.0464166
-0.76 0.0383581
-0.72 0.0245259
-0.68 0.00663946
-0.64 0.0195814
-0.6 0.0474271
-0.56 0.0688147
-0.52 0.0789617
-0.48 0.0735005
-0.44 0.0484201
-0.4 5.55112e-17
-0.36 0.0458882
-0.32 0.10181
-0.28 0.150881
-0.24 0.176213
-0.2 0.160967
-0.16 0.0884097
-0.12 0.0191094
-0.08 0.116767
-0.04 0.24068
0 0.346673
0.04 0.390392
0.08 0.32733
0.12 0.11286
0.16 0.243973
0.2 0.457619
0.24 0.520795
0.28 0.469932
0.32 0.341611
0.36 0.172621
0.4 1.249e-16
0.44 0.0752225
0.48 0.119926
0.52 0.136958
0.56 0.128831
0.6 0.0977435
0.64 0.0456094
0.68 0.00501033
0.72 0.00995352
0.76 0.00421656
0.8 0.00644951
0.84 0.0161645
0.88 0.0188003
0.92 0.00785762
0.96 0.00926763
1 0.0095445
1.04 0.000519668
1.08 0.0106571
1.12 0.0177691
1.16 0.0156039
1.2 2.22045e-16
1.24 0.00868097
1.28 0.0273333
1.32 0.0483808
1.36 0.0633057
1.4 0.0627609
1.44 0.0367162
1.48 0.0718935
1.52 0.254662
1.56 0.379481
1.6 0.435532
1.64 0.412503
1.68 0.300893
1.72 0.0923201
1.76 0.155109
1.8 0.305169
1.84 0.365441
1.88 0.348544
1.92 0.26962
1.96 0.146529
2 4.44089e-16
