-2 -6.03122
-1.96 -6.15063
-1.92 -6.14599
-1.88 -6.04132
-1.84 -5.86062
-1.8 -5.62791
-1.76 -5.3672
-1.72 -5.01942
-1.68 -4.51633
-1.64 -4.0243
-1.6 -3.54261
-1.56 -3.07055
-1.52 -2.60738
-1.48 -2.1524
-1.44 -1.75222
-1.4 -1.38505
-1.36 -1.03061
-1.32 -0.692207
-1.28 -0.373135
-1.24 -0.0766982
-1.2 0.1938
-1.16 0.311598
-1.12 0.404637
-1.08 0.477395
-1.04 0.534355
-1 0.579997
-0.96 0.618802
-0.92 0.622789
-0.88 0.562639
-0.84 0.504281
-0.8 0.448584
-0.76 0.39642
-0.72 0.348659
-0.68 0.306171
-0.64 0.275316
-0.6 0.250947
-0.56 0.226052
-0.52 0.196452
-0.48 0.157972
-0.44 0.106435
-0.4 0.0376641
-0.36 -0.0231443
-0.32 -0.0893757
-0.28 -0.145043
-0.24 -0.174158
-0.2 -0.160733
-0.16 -0.0887811
-0.12 0.0187478
-0.08 0.1166
-0.04 0.240652
0 0.346673
0.04 0.390433
0.08 0.327701
0.12 0.114246
0.16 0.247527
0.2 0.464988
0.24 0.53408
0.28 0.491603
0.32 0.374353
0.36 0.219128
0.4 0.0627243
0.44 0.00563712
0.48 -0.0198676
0.52 -0.0178268
0.56 0.00772306
0.6 0.0527451
0.64 0.113203
0.68 0.154162
0.72 0.139099
0.76 0.121645
0.8 0.0934727
0.84 0.0462587
0.88 -0.0283224
0.92 -0.138596
0.96 -0.259958
1 -0.406602
1.04 -0.586669
1.08 -0.792134
1.12 -1.01498
1.16 -1.24717
1.2 -1.4807
1.24 -1.731
1.28 -1.97516
1.32 -2.21377
1.36 -2.44738
1.4 -2.67656
1.44 -2.90187
1.48 -3.02663
1.52 -2.95421
1.56 -2.87984
1.6 -2.80427
1.64 -2.72823
1.68 -2.65246
1.72 -2.5777
1.76 -2.12941
1.8 -1.4872
1.84 -0.825667
1.88 -0.132037
1.92 0.606478
1.96 1.40266
2 2.2693
